*0111111111111111111111111111111111111111111111111
11001111111111111111111111111111111111111111111111
10000111111111111111111111111111111111111111111111
10100001111111111111111111111111111111111111111111
10000100111111111111111111111111111111111111111111
11111110011111111111111111111111111111111111111111
11111111011111111111111111111111111111111111111111
11111111011111111111111111111111111111111001111111
11111110011111111111111111111111111111111101111111
11111100111111111111111111111011111111111100111111
11111001111111111111111111110011111111111100011111
11110011111111111111111111110011111111111101001111
11000111111111111111111111101001111111111101101111
10011111111111111111111111001101111111111101110111
10011111111111111111111111011101111111111001110111
11000111111111111111111110111101111111111011110111
11111000111111111111111101111101111111110011110111
11111111000111111111110001111110111111110111110111
11111111110111111111000111111110111111101111110111
11111111110111111100011111111110011111011111110111
11111111110000000001111111111111011000111111110011
11111111111111111111111111111111000011111111111001
11111111111111111111111111111111111111111111111101
111111111111111111111111111111111111111111111110#1
11111111111111111111111111111111111111111111111111
