11111111111111111111111
*0101000000000100000001
10100101101110110111011
10101001000010001000001
10100100111011101011101
10110101001010001000011
10010001101010101111011
10100110001010100000011
10110110111011011111001
10100000100010000001011
10010110101101011010001
10100001000101010001011
10101011011101001011001
10110001001001011000011
10100101101101010111101
10111011000100010100001
10000000110011010001101
11011110001010010110001
10101011101011010010101
10000000100010010100111
1011101101110101010100#
10001000000000000100011
11111111111111111111111
