11111111111111111111111
*0101110111101101101101
10101110111101101101101
10101110110000000000101
10100000001101011101001
10001111101101011101101
11110000101111010000001
10110101001000001101101
10010101101111100111101
10110101101011101000001
10000101000000000111101
10110101111111111110101
10110100000000000000101
10010111111111111110101
11110100101000000010101
10000010101101111010101
11111000101101000010101
11110110100000101010001
11110100101111101010111
11110110100000101011101
10000110111111101000001
1111000000000000101110#
11111111111111111111111