11111111111111111111111
*0001000000000010001101
11010010101101010100001
10010111001010010110101
10100010010001010010101
10010110100101001001001
11011000101100100100101
11000010010001010110011
10101101100100010001001
10010100001010101101011
10100001010010000101011
10001010011001101001001
10111100101010101011101
10101001000000101001101
10101010011011001100001
10101001001001010010101
10000100101011010111001
11010110010010000010011
10110011001000111100101
10001000100101000001101
1010010101011101111100#
10010000010000000000011
11111111111111111111111