11111111111111111111111
*0100000000000010000011
10111011101011010111001
10100000010111010111011
10011101110100010000101
11010101000010110110001
11010000110100010110101
11011101010110111010101
10000001000110100000101
11111110010000110111001
10000001001111000010101
11011011011100011110101
10001011000001110100001
11011010111110010110111
11010000001010100000101
10001110111010101111001
11010000000000101101101
11011110111010100101101
10000010001111101100001
11011010110000000001101
11011011110111101110001
1000100000000010111110#
11111111111111111111111
