11111111111111111111111
*0001000100000000000001
10101010111101111111011
11101010100101000000001
10000010110101101111101
11101100010101101001101
10110110100000101100001
10000010110101000101111
10110110110101101101001
10110100010111101101101
11110110100100001000001
10000000110101110101101
11110111010101110110101
11010100010101110110101
11010011000101000000001
10001010011101110111111
11101001110000010100001
10001010000111110101011
11101011110100000101001
10000000000101110101011
11101011111101101111011
1110101000000000000000#
11111111111111111111111